CORRECT!
W_1.grad =
        |   0.0000   0.0000 |
        |   0.0000   0.0000 |
        |   0.0000   0.0000 |
        |   0.1365   0.1365 |
        |   0.0523   0.0523 |
        |   0.0737   0.0737 |
        |   0.0000   0.0000 |
        |  -0.0696  -0.0696 |
        |  -0.0132  -0.0132 |
        |   0.0000   0.0000 |
        |   0.0000   0.0000 |
        |   0.0000   0.0000 |
        |   0.0419   0.0419 |
        |   0.0589   0.0589 |
        |  -0.0989  -0.0989 |
        |  -0.0470  -0.0470 |

fc1.weight.grad = tensor([[ 0.0000,  0.0000],
        [ 0.0000,  0.0000],
        [ 0.0000,  0.0000],
        [ 0.1365,  0.1365],
        [ 0.0523,  0.0523],
        [ 0.0737,  0.0737],
        [ 0.0000,  0.0000],
        [-0.0696, -0.0696],
        [-0.0132, -0.0132],
        [ 0.0000,  0.0000],
        [ 0.0000,  0.0000],
        [ 0.0000,  0.0000],
        [ 0.0419,  0.0419],
        [ 0.0589,  0.0589],
        [-0.0989, -0.0989],
        [-0.0470, -0.0470]], device='cuda:0')

CORRECT!
b_1.grad =
        |   0.0000 |
        |   0.0000 |
        |   0.0000 |
        |   0.2729 |
        |   0.1046 |
        |   0.1474 |
        |   0.0000 |
        |  -0.1392 |
        |  -0.0265 |
        |   0.0000 |
        |   0.0000 |
        |   0.0000 |
        |   0.0839 |
        |   0.1178 |
        |  -0.1978 |
        |  -0.0940 |

fc1.bias.grad = tensor([ 0.0000,  0.0000,  0.0000,  0.2729,  0.1046,  0.1474,  0.0000, -0.1392, -0.0265,  0.0000,  0.0000,  0.0000,  0.0839,  0.1178, -0.1978, -0.0940],

CORRECT!
W_2.grad =
        |   0.0000   0.0000   0.0000   0.1361   0.0032   0.3804   0.0000   0.4543   0.0273   0.0000   0.0000   0.0000   0.0696   0.0575   0.1580   0.1344 |
        |   0.0000   0.0000   0.0000  -0.1918  -0.0045  -0.5362   0.0000  -0.6404  -0.0385   0.0000   0.0000   0.0000  -0.0981  -0.0811  -0.2227  -0.1894 |
fc2.weight.grad = tensor([[ 0.0000,  0.0000,  0.0000,  0.1361,  0.0032,  0.3804,  0.0000,  0.4543, 0.0273,  0.0000,  0.0000,  0.0000,  0.0696,  0.0575,  0.1580,  0.1344],
        [-0.0000, -0.0000, -0.0000, -0.1918, -0.0045, -0.5362, -0.0000, -0.6404, -0.0385, -0.0000, -0.0000, -0.0000, -0.0981, -0.0811, -0.2227, -0.1894]],
       device='cuda:0')

CORRECT!
b_2.grad =
        |   0.5136 |
        |  -0.7240 |

tensor([ 0.5136, -0.7240], device='cuda:0')